acc: 0.96875
fpr: 0.16666666666666666
test_loss: 0.023776002673663414
tpr: 0.9827586206896551
