acc: 0.84375
fpr: 0.17391304347826086
test_loss: 0.1774147368055613
tpr: 0.8536585365853658
